1	clickedStim	8	12	5
1	rts	1125	730	1152
1	0	2	0	//	6	2	//	2	6
2	clickedStim	7	16	5
2	rts	958	547	533
2	0	2	0	//	10	1	//	1	10
2	clickedStim	10	12	5
2	rts	956	417	948
2	0	2	0	//	6	4	//	4	6
2	clickedStim	14	8	13	6
2	rts	1256	1163	581	665
2	2	3	0	//	6	1	7	//	7	1	6
2	clickedStim	17	16	8	6
2	rts	853	381	515	582
2	2	3	0	//	1	9	10	//	10	9	1
2	clickedStim	9	13	15	18	7
2	rts	1200	750	1280	498	1749
2	3	4	0	//	10	7	5	1	//	1	5	7	10
2	clickedStim	11	14	18	17	7
2	rts	1186	347	1599	697	618
2	3	4	0	//	9	10	6	3	//	3	6	10	9
2	clickedStim	11	18	16	17	19	8
2	rts	1147	481	4417	398	281	432
2	4	5	0	//	10	8	7	9	2	//	2	9	7	8	10
2	clickedStim	18	12	19	14	10	8
2	rts	818	5449	864	3381	516	633
2	4	5	0	//	1	5	10	3	9	//	9	3	10	5	1
2	clickedStim	13	15	14	18	19	9
2	rts	914	333	764	1997	2566	963
2	5	6	1	//	6	2	5	8	4	3	//	3	5	4	8	9
2	clickedStim	15	17	19	14	13	11	9
2	rts	882	398	1981	2049	981	533	581
2	5	6	1	//	1	9	4	3	7	5	//	5	7	9	4	3	1
