1	clickedStim	11	8	5
1	rts	1045	648	616
1	0	2	0	//	2	5	//	5	2
2	clickedStim	10	8	5
2	rts	973	765	665
2	0	2	0	//	2	4	//	4	2
2	clickedStim	7	8	5
2	rts	1125	665	599
2	0	2	0	//	2	1	//	1	2
2	clickedStim	11	15	14	6
2	rts	1119	815	316	563
2	2	3	0	//	7	8	4	//	4	8	7
2	clickedStim	17	12	8	6
2	rts	586	533	680	698
2	2	3	0	//	1	5	10	//	10	5	1
2	clickedStim	13	15	11	10	7
2	rts	870	549	665	949	681
2	3	4	0	//	2	3	7	5	//	5	7	3	2
2	clickedStim	9	12	13	15	7
2	rts	1170	2430	931	331	1031
2	3	4	0	//	7	5	4	1	//	1	4	5	7
2	clickedStim	14	15	18	17	10	8
2	rts	803	347	1181	382	464	583
2	4	5	0	//	1	8	9	6	5	//	5	6	9	8	1
2	clickedStim	13	18	16	12	10	8
2	rts	814	1298	716	1366	581	1149
2	4	5	0	//	1	3	7	9	4	//	4	9	7	3	1
2	clickedStim	19	14	15	13	11	9
2	rts	817	582	2116	579	614	749
2	5	6	1	//	3	7	2	5	4	9	//	9	4	5	3	1
2	clickedStim	17	13	15	14	12	9
2	rts	1014	815	4215	381	899	664
2	5	6	1	//	2	5	1	7	3	4	//	7	3	5	4	2
