1	clickedStim	13	12	5
1	rts	1003	583	697
1	0	2	0	//	6	7	//	7	6
2	clickedStim	13	7	5
2	rts	788	367	663
2	0	2	0	//	1	7	//	7	1
2	clickedStim	14	12	5
2	rts	2170	831	1131
2	0	2	0	//	6	8	//	8	6
2	clickedStim	15	12	9	6
2	rts	969	349	298	631
2	2	3	0	//	2	5	8	//	8	5	2
2	clickedStim	16	8	14	6
2	rts	1554	681	515	698
2	2	3	0	//	7	1	9	//	9	1	7
2	clickedStim	15	16	10	18	7
2	rts	1321	531	932	882	630
2	3	4	0	//	10	2	8	7	//	7	8	2	10
2	clickedStim	17	18	12	13	7
2	rts	2369	1248	748	502	731
2	3	4	0	//	5	4	10	9	//	9	10	4	5
2	clickedStim	14	18	16	15	12	8
2	rts	1367	413	483	547	832	734
2	4	5	0	//	3	6	7	9	5	//	5	9	7	6	3
2	clickedStim	12	16	17	19	18	8
2	rts	8820	3048	480	415	397	664
2	4	5	1	//	9	10	7	8	3	//	3	7	8	10	9
2	clickedStim	12	16	19	14	10	8
2	rts	1434	597	1850	516	1615	664
2	4	5	0	//	1	5	10	7	3	//	3	7	10	5	1
2	clickedStim	14	20	15	11	18	9
2	rts	1515	1231	781	399	464	565
2	5	6	1	//	5	7	8	1	10	4	//	4	10	5	1	8
2	clickedStim	18	9
2	rts	580	1432
2	5	6	1	//	7	8	1	6	5	10	//	8
