1	clickedStim	15	16	5
1	rts	1089	480	515
1	0	2	0	//	10	9	//	9	10
2	clickedStim	13	11	5
2	rts	1139	814	832
2	0	2	0	//	5	7	//	7	5
2	clickedStim	10	14	5
2	rts	1272	414	632
2	0	2	0	//	8	4	//	4	8
2	clickedStim	11	15	12	6
2	rts	1004	500	281	614
2	2	3	0	//	5	8	4	//	4	8	5
2	clickedStim	13	15	16	6
2	rts	1037	532	315	831
2	2	3	0	//	9	8	6	//	6	8	9
2	clickedStim	15	17	11	18	7
2	rts	1118	1133	462	649	531
2	3	4	0	//	10	3	9	7	//	7	9	3	10
2	clickedStim	14	11	18	15	7
2	rts	1019	2234	845	767	683
2	3	4	0	//	7	10	3	6	//	6	3	10	7
2	clickedStim	15	17	13	16	11	8
2	rts	849	917	495	332	367	697
2	4	5	1	//	2	4	7	8	6	//	6	8	4	7	2
2	clickedStim	10	13	17	19	8
2	rts	985	332	7284	779	532
2	4	5	1	//	8	3	10	4	1	//	1	4	8	10
