1	clickedStim	10	14	5
1	rts	686	295	829
1	0	2	0	//	8	4	//	4	8
2	clickedStim	8	7	5
2	rts	789	327	593
2	0	2	0	//	1	2	//	2	1
2	clickedStim	9	8	5
2	rts	653	283	511
2	0	2	0	//	2	3	//	3	2
2	clickedStim	13	8	11	6
2	rts	1224	531	219	393
2	2	3	0	//	4	1	6	//	6	1	4
2	clickedStim	17	15	16	6
2	rts	552	213	416	363
2	2	3	0	//	9	8	10	//	10	8	9
2	clickedStim	16	11	9	18	7
2	rts	819	391	420	430	319
2	3	4	1	//	10	3	1	8	//	8	3	1	10
2	clickedStim	10	17	11	13	7
2	rts	400	799	622	307	665
2	3	4	0	//	5	3	9	2	//	2	9	3	5
2	clickedStim	15	18	17	16	7
2	rts	774	296	1155	321	298
2	3	4	0	//	8	9	10	7	//	7	10	9	8
2	clickedStim	16	17	15	13	12	8
2	rts	798	479	591	349	277	420
2	4	5	1	//	4	3	6	8	7	//	7	8	6	4	3
2	clickedStim	12	16	17	13	14	8
2	rts	2224	1583	420	706	377	563
2	4	5	1	//	8	9	4	7	3	//	3	7	8	4	5