1	clickedStim	14	7	5
1	rts	1633	570	649
1	0	2	0	//	1	8	//	8	1
2	clickedStim	14	12	5
2	rts	869	293	530
2	0	2	0	//	6	8	//	8	6
2	clickedStim	15	13	5
2	rts	759	438	472
2	0	2	1	//	9	7	//	9	7
2	clickedStim	11	7	5
2	rts	761	467	483
2	0	2	0	//	1	5	//	5	1
2	clickedStim	11	15	9	6
2	rts	637	280	481	470
2	2	3	0	//	2	8	4	//	4	8	2
2	clickedStim	17	15	7	16	15	6
2	rts	454	955	731	642	395	499
2	2	3	0	//	8	9	10	//	10	9	8
2	clickedStim	13	16	17	18	7
2	rts	391	347	245	317	333
2	3	4	0	//	10	9	8	5	//	5	8	9	10
2	clickedStim	17	11	14	13	7
2	rts	1513	287	224	303	458
2	3	4	0	//	5	6	3	9	//	9	3	6	5
2	clickedStim	17	18	11	12	19	8
2	rts	450	280	508	226	331	302
2	4	5	0	//	10	3	2	9	8	//	8	9	2	3	10
2	clickedStim	11	13	15	19	12	8
2	rts	795	479	411	313	648	495
2	4	5	1	//	6	5	10	4	2	//	2	4	6	10	3
2	clickedStim	10	14	17	12	11	8
2	rts	354	417	200	2158	310	488
2	4	5	1	//	3	2	5	8	1	//	1	5	8	3	2