1	clickedStim	15	9	5
1	rts	1021	297	676
1	0	2	0	//	3	9	//	9	3
2	clickedStim	8	11	5
2	rts	1101	235	467
2	0	2	0	//	5	2	//	2	5
2	clickedStim	16	7	5
2	rts	759	403	434
2	0	2	0	//	1	10	//	10	1
2	clickedStim	10	12	7	16	12	6
2	rts	976	297	1547	472	179	349
2	2	3	0	//	5	9	3	//	3	9	5
2	clickedStim	17	12	11	6
2	rts	538	359	213	605
2	2	3	0	//	4	5	10	//	10	5	4
2	clickedStim	13	10	18	9	7
2	rts	2217	188	408	295	403
2	3	4	0	//	1	10	2	5	//	5	2	10	1
2	clickedStim	10	14	13	18	7
2	rts	1058	294	213	570	1342
2	3	4	1	//	10	3	6	2	//	2	6	5	10
2	clickedStim	14	12	11	16	7
2	rts	1297	1059	2381	649	411
2	3	4	0	//	8	3	4	6	//	6	4	3	8
2	clickedStim	17	19	10	12	13	8
2	rts	899	660	533	532	914	409
2	4	5	1	//	4	2	1	10	8	//	8	10	1	3	4
2	clickedStim	10	14	17	9	17	13	16	8
2	rts	863	429	917	2088	4664	622	137	680
2	4	5	0	//	7	4	8	5	1	//	1	5	8	4	7
2	clickedStim	13	16	17	19	14	8
2	rts	2063	797	1467	200	209	432
2	4	5	1	//	8	9	10	7	4	//	4	7	8	10	5