1	clickedStim	12	10	5
1	rts	692	671	561
1	0	2	0	//	4	6	//	6	4
2	clickedStim	10	9	5
2	rts	634	430	593
2	0	2	0	//	3	4	//	4	3
2	clickedStim	10	7	5
2	rts	777	232	647
2	0	2	0	//	1	4	//	4	1
2	clickedStim	16	17	14	6
2	rts	978	1020	313	527
2	2	3	0	//	7	10	9	//	9	10	7
2	clickedStim	13	14	10	6
2	rts	761	1395	278	511
2	2	3	0	//	3	7	6	//	6	7	3
2	clickedStim	9	11	14	15	7
2	rts	610	907	202	341	500
2	3	4	1	//	6	7	3	1	//	1	3	6	7
2	clickedStim	10	14	9	13	7
2	rts	565	466	797	252	545
2	3	4	0	//	5	1	6	2	//	2	6	1	5
2	clickedStim	13	17	16	9	7
2	rts	1090	1548	419	620	511
2	3	4	0	//	1	8	9	5	//	5	9	8	1
2	clickedStim	19	13	15	17	14	8
2	rts	470	613	387	1800	196	479
2	4	5	1	//	8	5	6	4	10	//	10	4	6	8	5
2	clickedStim	18	13	19	14	17	8
2	rts	1664	1161	355	428	318	495
2	4	5	1	//	8	2	4	3	9	//	9	4	10	5	8