1	clickedStim	16	7	5
1	rts	697	569	696
1	0	2	0	//	1	10	//	10	1
2	clickedStim	11	9	5
2	rts	545	415	775
2	0	2	0	//	3	5	//	5	3
2	clickedStim	8	10	5
2	rts	1021	438	542
2	0	2	0	//	4	2	//	2	4
2	clickedStim	10	11	12	6
2	rts	429	449	249	808
2	2	3	0	//	5	4	3	//	3	4	5
2	clickedStim	13	14	11	6
2	rts	348	394	162	397
2	2	3	0	//	4	7	6	//	6	7	4
2	clickedStim	16	14	13	12	7
2	rts	432	316	298	287	538
2	3	4	1	//	3	5	6	8	//	8	6	5	4
2	clickedStim	10	16	14	15	7
2	rts	468	430	1047	455	413
2	3	4	0	//	7	6	8	2	//	2	8	6	7
2	clickedStim	13	15	16	17	7
2	rts	915	475	1922	568	421
2	3	4	1	//	9	2	7	5	//	5	7	8	9