1	clickedStim	7	9	5
1	rts	925	577	603
1	0	2	0	//	3	1	//	1	3
2	clickedStim	7	10	5
2	rts	1045	513	605
2	0	2	0	//	4	1	//	1	4
2	clickedStim	12	7	5
2	rts	418	376	637
2	0	2	0	//	1	6	//	6	1
2	clickedStim	10	11	8	6
2	rts	360	519	214	615
2	2	3	0	//	1	4	3	//	3	4	1
2	clickedStim	16	9	17	6
2	rts	663	412	535	296
2	2	3	0	//	10	2	9	//	9	2	10
2	clickedStim	13	12	9	18	7
2	rts	316	261	242	794	339
2	3	4	1	//	1	3	4	5	//	5	4	1	10
2	clickedStim	18	9	15	14	7
2	rts	528	403	1093	385	402
2	3	4	0	//	6	7	1	10	//	10	1	7	6
2	clickedStim	14	10	13	17	7
2	rts	496	461	264	1013	481
2	3	4	0	//	9	5	2	6	//	6	2	5	9
2	clickedStim	11	13	12	14	15	8
2	rts	375	374	387	281	209	422
2	4	5	1	//	5	6	4	3	2	//	2	4	3	5	6
2	clickedStim	18	14	11	13	15	8
2	rts	427	612	163	366	496	445
2	4	5	1	//	7	2	4	5	9	//	9	5	2	4	6
