1	clickedStim	13	12	5
1	rts	622	258	401
1	0	2	0	//	6	7	//	7	6
2	clickedStim	10	15	5
2	rts	377	526	406
2	0	2	0	//	9	4	//	4	9
2	clickedStim	13	8	5
2	rts	403	577	526
2	0	2	0	//	2	7	//	7	2
2	clickedStim	17	12	11	6
2	rts	454	254	189	680
2	2	3	0	//	4	5	10	//	10	5	4
2	clickedStim	10	11	14	6
2	rts	647	530	744	509
2	2	3	0	//	7	4	3	//	3	4	7
2	clickedStim	9	16	18	11	7
2	rts	625	660	460	463	576
2	3	4	0	//	3	10	8	1	//	1	8	10	3
2	clickedStim	16	13	18	9	7
2	rts	617	664	1033	397	587
2	3	4	0	//	1	10	5	8	//	8	5	10	1
2	clickedStim	16	18	19	11	10	8
2	rts	380	458	398	595	511	527
2	4	5	0	//	1	2	10	9	7	//	7	9	10	2	1
2	clickedStim	15	18	14	17	11	8
2	rts	508	1118	361	716	272	478
2	4	5	0	//	2	8	5	9	6	//	6	9	5	8	2
2	clickedStim	14	15	20	16	12	18	9
2	rts	519	250	452	892	315	995	486
2	5	6	1	//	2	6	3	10	5	4	//	4	5	10	6	2	8
2	clickedStim	15	17	20	14	16	12	9
2	rts	505	538	659	368	565	224	495
2	5	6	0	//	2	6	4	10	7	5	//	5	7	10	4	6	2
2	clickedStim	12	19	14	13	15	18	9
2	rts	526	504	2843	955	520	155	421
2	5	6	0	//	8	5	3	4	9	2	//	2	9	4	3	5	8
2	clickedStim	12	21	17	19	15	16	14	10
2	rts	1506	466	565	651	267	179	260	571
2	6	7	1	//	8	2	5	7	6	10	1	//	1	10	6	8	4	5	3
2	clickedStim	15	21	13	20	19	18	17	10
2	rts	593	447	512	426	238	258	430	587
2	6	7	1	//	6	7	8	9	10	2	4	//	4	10	2	9	8	7	6
