1	clickedStim	14	11	5
1	rts	531	240	497
1	0	2	1	//	8	5	//	8	5
2	clickedStim	9	11	5
2	rts	515	324	502
2	0	2	0	//	5	3	//	3	5
2	clickedStim	10	15	5
2	rts	346	331	457
2	0	2	0	//	9	4	//	4	9
2	clickedStim	10	9	8	6
2	rts	331	254	302	628
2	2	3	0	//	1	2	3	//	3	2	1
2	clickedStim	15	10	8	6
2	rts	421	787	630	413
2	2	3	1	//	9	3	8	//	8	3	1
2	clickedStim	17	11	14	6
2	rts	611	865	188	446
2	2	3	0	//	7	4	10	//	10	4	7
2	clickedStim	17	14	13	16	7
2	rts	421	260	279	188	516
2	3	4	1	//	2	5	6	9	//	9	6	5	8
2	clickedStim	11	14	16	15	7
2	rts	772	255	568	292	368
2	3	4	0	//	7	8	6	3	//	3	6	8	7
2	clickedStim	13	14	11	16	7
2	rts	614	326	188	292	429
2	3	4	0	//	8	3	6	5	//	5	6	3	8
2	clickedStim	16	12	10	13	17	8
2	rts	671	433	357	253	234	666
2	4	5	1	//	4	8	1	3	7	//	7	3	1	4	8
2	clickedStim	18	11	12	10	13	8
2	rts	351	441	269	398	156	483
2	4	5	1	//	1	4	3	2	9	//	9	2	3	1	4
