1	clickedStim	11	9	5
1	rts	1242	510	578
1	0	2	0	//	3	5	//	5	3
2	clickedStim	15	14	5
2	rts	632	409	654
2	0	2	0	//	8	9	//	9	8
2	clickedStim	12	7	5
2	rts	986	456	757
2	0	2	0	//	1	6	//	6	1
2	clickedStim	16	10	15	6
2	rts	799	592	534	752
2	2	3	0	//	8	3	9	//	9	3	8
2	clickedStim	12	13	16	6
2	rts	784	513	345	676
2	2	3	0	//	9	6	5	//	5	6	9
2	clickedStim	15	10	11	12	7
2	rts	2938	1912	495	542	1325
2	3	4	0	//	4	3	2	7	//	7	2	3	4
2	clickedStim	9	17	15	14	7
2	rts	6125	921	1066	551	850
2	3	4	0	//	6	7	9	1	//	1	9	7	6
2	clickedStim	18	15	17	11	12	8
2	rts	5004	342	787	1304	361	712
2	4	5	0	//	3	2	8	6	9	//	9	6	8	2	3
2	clickedStim	19	13	10	15	14	8
2	rts	6091	980	447	629	444	663
2	4	5	0	//	5	6	1	4	10	//	10	4	1	6	5
2	clickedStim	20	14	11	15	16	17	9
2	rts	9655	714	641	569	552	573	670
2	5	6	1	//	7	6	5	1	10	4	//	10	4	1	5	6	7
2	clickedStim	12	14	15	16	20	18	9
2	rts	6435	622	7714	500	1228	318	676
2	5	6	1	//	8	10	5	4	6	2	//	2	4	5	6	10	8
