1	clickedStim	14	12	5
1	rts	801	419	517
1	0	2	0	//	6	8	//	8	6
2	clickedStim	11	14	5
2	rts	1923	277	681
2	0	2	1	//	5	8	//	5	8
2	clickedStim	16	12	5
2	rts	966	523	769
2	0	2	0	//	6	10	//	10	6
2	clickedStim	15	12	5
2	rts	2892	570	739
2	0	2	0	//	6	9	//	9	6
2	clickedStim	8	15	12	6
2	rts	5628	764	276	697
2	2	3	0	//	5	8	1	//	1	8	5
2	clickedStim	15	11	8	6
2	rts	2597	681	327	608
2	2	3	0	//	1	4	8	//	8	4	1
2	clickedStim	17	18	11	14	7
2	rts	6476	471	661	333	628
2	3	4	0	//	6	3	10	9	//	9	10	3	6
2	clickedStim	9	13	12	18	7
2	rts	3176	436	302	440	440
2	3	4	0	//	10	4	5	1	//	1	5	4	10
2	clickedStim	16	13	10	11	15	8
2	rts	2572	310	310	358	442	596
2	4	5	0	//	6	2	1	4	7	//	7	4	1	2	6
2	clickedStim	12	16	19	13	18	8
2	rts	9425	723	741	535	482	460
2	4	5	0	//	9	4	10	7	3	//	3	7	10	4	9
2	clickedStim	12	19	11	17	13	9
2	rts	10849	831	497	425	615	723
2	5	6	1	//	3	7	1	6	9	2	//	2	9	1	7	3
2	clickedStim	14	13	12	20	18	17	9
2	rts	3958	520	679	655	303	264	458
2	5	6	1	//	2	8	7	10	3	4	//	4	3	2	10	8	7
