1	clickedStim	11	14	5
1	rts	613	261	468
1	0	2	0	//	8	5	//	5	8
2	clickedStim	11	13	5
2	rts	735	380	729
2	0	2	0	//	7	5	//	5	7
2	clickedStim	12	14	5
2	rts	1111	305	1257
2	0	2	0	//	8	6	//	6	8
2	clickedStim	11	12	10	6
2	rts	2436	281	605	1569
2	2	3	0	//	3	5	4	//	4	5	3
2	clickedStim	10	16	14	6
2	rts	1832	419	418	731
2	2	3	0	//	7	9	3	//	3	9	7
2	clickedStim	10	11	13	14	7
2	rts	4495	523	789	772	545
2	3	4	0	//	6	5	3	2	//	2	3	5	6
2	clickedStim	13	17	18	10	7
2	rts	7271	639	438	531	670
2	3	4	0	//	2	10	9	5	//	5	9	10	2
2	clickedStim	19	13	15	16	12	8
2	rts	6537	474	2431	2444	675	596
2	4	5	0	//	3	7	6	4	10	//	10	4	6	7	3
2	clickedStim	17	18	10	19	12	8
2	rts	3710	693	3708	964	617	637
2	4	5	0	//	3	10	1	9	8	//	8	9	1	10	3
2	clickedStim	15	20	13	19	11	17	9
2	rts	32091	330	1185	700	528	490	666
2	5	6	1	//	7	1	10	5	2	8	//	5	10	3	9	1	7
2	clickedStim	12	11	17	15	20	14	9
2	rts	11647	415	592	1759	487	558	523
2	5	6	1	//	4	10	5	1	7	2	//	2	1	7	5	10	4
