1	clickedStim	7	9	5
1	rts	1664	409	528
1	0	2	0	//	3	1	//	1	3
2	clickedStim	11	14	5
2	rts	1392	169	742
2	0	2	0	//	8	5	//	5	8
2	clickedStim	9	11	5
2	rts	1961	314	482
2	0	2	0	//	5	3	//	3	5
2	clickedStim	11	9	14	6
2	rts	649	1008	298	575
2	2	3	0	//	7	2	4	//	4	2	7
2	clickedStim	13	11	14	6
2	rts	1046	586	180	592
2	2	3	0	//	7	4	6	//	6	4	7
2	clickedStim	12	14	10	17	7
2	rts	765	378	1124	395	491
2	3	4	0	//	9	2	6	4	//	4	6	2	9
2	clickedStim	15	10	14	16	7
2	rts	764	529	411	214	818
2	3	4	0	//	8	6	2	7	//	7	2	6	8
2	clickedStim	17	16	13	18	10	8
2	rts	765	690	229	510	412	463
2	4	5	0	//	1	9	4	7	8	//	8	7	4	9	1
2	clickedStim	13	19	15	9	17	15	11	8
2	rts	647	439	484	1446	517	257	521	453
2	4	5	0	//	2	6	8	10	4	//	4	10	8	6	2
2	clickedStim	12	13	19	16	20	14	9
2	rts	932	366	1287	2308	261	268	474
2	5	6	1	//	10	4	7	3	9	2	//	2	3	9	6	10	4
2	clickedStim	18	13	16	17	14	11	9
2	rts	592	1089	194	397	160	168	520
2	5	6	1	//	7	1	2	6	3	8	//	8	3	6	7	4	1
