1	clickedStim	7	15	5
1	rts	687	472	391
1	0	2	0	//	9	1	//	1	9
2	clickedStim	8	12	5
2	rts	448	624	532
2	0	2	0	//	6	2	//	2	6
2	clickedStim	10	15	5
2	rts	733	451	579
2	0	2	0	//	9	4	//	4	9
2	clickedStim	9	10	16	6
2	rts	382	845	309	448
2	2	3	0	//	9	3	2	//	2	3	9
2	clickedStim	9	17	16	6
2	rts	340	383	216	355
2	2	3	0	//	9	10	2	//	2	10	9
2	clickedStim	15	10	12	17	7
2	rts	635	470	303	449	409
2	3	4	1	//	4	9	2	7	//	7	2	4	9
2	clickedStim	16	14	15	18	7
2	rts	546	531	1767	255	660
2	3	4	1	//	7	10	6	8	//	8	6	7	10
