1	clickedStim	11	13	5
1	rts	981	601	501
1	0	2	0	//	7	5	//	5	7
2	clickedStim	10	16	5
2	rts	1370	337	582
2	0	2	0	//	10	4	//	4	10
2	clickedStim	12	10	5
2	rts	1063	339	387
2	0	2	0	//	4	6	//	6	4
2	clickedStim	16	14	10	6
2	rts	703	1383	297	569
2	2	3	0	//	3	7	9	//	9	7	3
2	clickedStim	11	17	8	6
2	rts	959	287	461	448
2	2	3	0	//	1	10	4	//	4	10	1
2	clickedStim	14	12	15	10	7
2	rts	678	452	124	535	618
2	3	4	0	//	2	7	4	6	//	6	4	7	2
2	clickedStim	10	15	18	8	9	18	7
2	rts	758	404	202	1396	667	270	596
2	3	4	0	//	10	1	7	2	//	2	7	1	10
2	clickedStim	19	15	14	17	9	9	16	14	17	8
2	rts	618	641	3265	1320	739	1122	513	268	148	301
2	4	5	0	//	8	5	7	6	10	//	10	6	7	5	8
2	clickedStim	19	11	15	14	17	8
2	rts	418	519	344	613	191	321
2	4	5	0	//	8	5	6	2	10	//	10	2	6	5	8
2	clickedStim	14	18	17	20	15	19	9
2	rts	805	314	271	1527	450	220	474
2	5	6	1	//	9	2	5	8	7	4	//	4	8	7	10	5	9
2	clickedStim	19	13	12	16	14	11	9
2	rts	542	1271	478	1019	924	117	511
2	5	6	0	//	1	4	6	2	3	9	//	9	3	2	6	4	1
2	clickedStim	11	20	18	16	17	12	9
2	rts	1401	382	319	1724	1431	427	480
2	5	6	1	//	7	6	2	10	8	1	//	1	10	8	6	7	2