1	clickedStim	7	10	5
1	rts	479	130	1089
1	0	2	0	//	4	1	//	1	4
2	clickedStim	16	8	5
2	rts	818	871	604
2	0	2	0	//	2	10	//	10	2
2	clickedStim	16	13	5
2	rts	793	402	470
2	0	2	0	//	7	10	//	10	7
2	clickedStim	16	15	12	6
2	rts	535	342	173	413
2	2	3	0	//	5	8	9	//	9	8	5
2	clickedStim	9	17	8	6
2	rts	698	567	330	464
2	2	3	0	//	1	10	2	//	2	10	1
2	clickedStim	14	17	18	10	7
2	rts	705	251	370	300	484
2	3	4	0	//	2	10	9	6	//	6	9	10	2
2	clickedStim	10	15	16	18	7
2	rts	350	628	273	169	591
2	3	4	0	//	10	8	7	2	//	2	7	8	10
2	clickedStim	10	17	19	14	11	8
2	rts	383	419	863	697	3635	416
2	4	5	1	//	5	8	10	6	1	//	1	8	10	5	2
2	clickedStim	13	17	14	11	10	8
2	rts	539	415	282	393	712	623
2	4	5	0	//	1	2	5	8	4	//	4	8	5	2	1
2	clickedStim	10	18	17	14	19	8
2	rts	771	476	578	232	436	366
2	4	5	1	//	10	8	5	9	1	//	1	9	8	5	10
