1	clickedStim	14	8	5
1	rts	904	531	623
1	0	2	0	//	2	8	//	8	2
2	clickedStim	12	8	5
2	rts	431	309	582
2	0	2	0	//	2	6	//	6	2
2	clickedStim	14	12	5
2	rts	485	617	524
2	0	2	0	//	6	8	//	8	6
2	clickedStim	12	8	15	6
2	rts	453	265	687	431
2	2	3	0	//	8	1	5	//	5	1	8
2	clickedStim	14	15	13	6
2	rts	655	561	406	458
2	2	3	0	//	6	8	7	//	7	8	6
2	clickedStim	18	16	13	9	7
2	rts	492	284	243	267	542
2	3	4	1	//	5	1	8	10	//	10	8	5	1
2	clickedStim	13	10	17	11	7
2	rts	409	290	657	302	503
2	3	4	0	//	3	9	2	5	//	5	2	9	3
2	clickedStim	17	12	18	11	7
2	rts	3019	478	288	445	463
2	3	4	0	//	3	10	4	9	//	9	4	10	3
2	clickedStim	15	14	12	19	11	8
2	rts	491	306	1515	453	360	490
2	4	5	1	//	10	3	2	5	6	//	6	5	3	10	2
2	clickedStim	12	19	11	18	15	8
2	rts	640	603	329	857	119	444
2	4	5	1	//	9	10	2	6	3	//	3	10	2	9	6