1	clickedStim	16	13	5
1	rts	1126	340	455
1	0	2	0	//	7	10	//	10	7
2	clickedStim	11	7	5
2	rts	352	467	603
2	0	2	0	//	1	5	//	5	1
2	clickedStim	13	14	5
2	rts	551	380	668
2	0	2	0	//	8	7	//	7	8
2	clickedStim	8	9	10	6
2	rts	511	275	704	522
2	2	3	0	//	3	2	1	//	1	2	3
2	clickedStim	15	17	16	6
2	rts	609	189	343	464
2	2	3	0	//	9	10	8	//	8	10	9
2	clickedStim	17	14	13	10	7
2	rts	361	223	287	272	535
2	3	4	0	//	2	5	6	9	//	9	6	5	2
2	clickedStim	9	16	15	14	7
2	rts	566	374	373	402	419
2	3	4	0	//	6	7	8	1	//	1	8	7	6
2	clickedStim	16	19	13	18	12	8
2	rts	531	428	2334	452	418	499
2	4	5	1	//	9	4	3	10	7	//	7	10	4	9	3
2	clickedStim	14	10	17	16	15	8
2	rts	501	606	604	242	552	729
2	4	5	1	//	6	8	7	1	5	//	5	1	8	7	6