1	clickedStim	8	12	5
1	rts	654	381	526
1	0	2	0	//	6	2	//	2	6
2	clickedStim	11	16	5
2	rts	1366	332	639
2	0	2	0	//	10	5	//	5	10
2	clickedStim	8	9	5
2	rts	790	249	553
2	0	2	0	//	3	2	//	2	3
2	clickedStim	11	12	17	6
2	rts	577	235	278	350
2	2	3	0	//	10	5	4	//	4	5	10
2	clickedStim	10	17	15	6
2	rts	1883	389	133	405
2	2	3	0	//	8	10	3	//	3	10	8
2	clickedStim	13	14	18	17	7
2	rts	545	400	327	232	332
2	3	4	0	//	9	10	6	5	//	5	6	10	9
2	clickedStim	11	10	15	18	7
2	rts	1013	286	864	520	279
2	3	4	0	//	10	7	2	3	//	3	2	7	10
2	clickedStim	18	14	11	15	17	8
2	rts	462	584	1009	1980	242	358
2	4	5	0	//	8	6	2	5	9	//	9	5	2	6	8
2	clickedStim	18	12	10	11	19	9	9	9	19	10	11	8
2	rts	1225	813	4632	323	393	1406	171	469	1233	794	224	437
2	4	5	0	//	2	1	10	3	9	//	9	3	10	1	2
2	clickedStim	16	13	15	12	19	11	9
2	rts	805	217	1183	277	2878	690	483
2	5	6	1	//	9	8	5	2	3	6	//	6	3	5	2	9	1
2	clickedStim	19	11	12	13	18	20	9
2	rts	503	591	525	387	742	226	373
2	5	6	0	//	10	8	3	2	1	9	//	9	1	2	3	8	10
2	clickedStim	15	12	13	16	18	19	9
2	rts	407	228	486	164	1322	570	426
2	5	6	0	//	9	8	6	3	2	5	//	5	2	3	6	8	9
2	clickedStim	21	14	19	20	18	17	16	10
2	rts	952	774	1094	689	425	711	250	1285
2	6	7	1	//	5	6	9	2	7	3	10	//	10	3	8	9	7	6	5
2	clickedStim	15	13	16	12	17	14	19	10
2	rts	357	260	204	605	3808	180	325	410
2	6	7	1	//	8	3	1	6	5	2	4	//	4	2	5	1	6	3	8
