1	clickedStim	13	12	5
1	rts	490	320	559
1	0	2	0	//	6	7	//	7	6
2	clickedStim	11	10	5
2	rts	422	265	584
2	0	2	0	//	4	5	//	5	4
2	clickedStim	12	9	5
2	rts	505	200	606
2	0	2	0	//	3	6	//	6	3
2	clickedStim	11	12	15	6
2	rts	632	249	1053	500
2	2	3	0	//	8	5	4	//	4	5	8
2	clickedStim	8	13	10	6
2	rts	458	387	152	418
2	2	3	0	//	3	6	1	//	1	6	3
2	clickedStim	14	12	13	16	7
2	rts	675	639	257	134	729
2	3	4	1	//	5	8	4	6	//	6	4	5	8
2	clickedStim	16	10	13	12	7
2	rts	526	460	207	881	458
2	3	4	0	//	4	5	2	8	//	8	2	5	4
2	clickedStim	10	18	12	14	7
2	rts	900	436	439	338	408
2	3	4	1	//	4	10	6	2	//	2	10	4	6
