1	clickedStim	7	9	5
1	rts	509	372	525
1	0	2	0	//	3	1	//	1	3
2	clickedStim	10	12	5
2	rts	1764	415	464
2	0	2	0	//	6	4	//	4	6
2	clickedStim	9	10	5
2	rts	795	470	1066
2	0	2	0	//	4	3	//	3	4
2	clickedStim	8	9	14	6
2	rts	561	313	410	444
2	2	3	0	//	7	2	1	//	1	2	7
2	clickedStim	9	8	14	6
2	rts	794	1012	684	548
2	2	3	0	//	7	1	2	//	2	1	7
2	clickedStim	10	13	12	16	7
2	rts	534	229	326	425	733
2	3	4	0	//	8	4	5	2	//	2	5	4	8
2	clickedStim	18	12	16	15	7
2	rts	1629	366	506	259	645
2	3	4	0	//	7	8	4	10	//	10	4	8	7
2	clickedStim	18	11	19	13	16	8
2	rts	651	392	1851	440	369	408
2	4	5	1	//	7	4	5	2	9	//	9	2	10	4	7
2	clickedStim	18	17	16	11	10	8
2	rts	756	3869	303	1112	589	533
2	4	5	1	//	1	2	8	7	9	//	9	8	7	2	1
