1	clickedStim	11	15	5
1	rts	396	369	392
1	0	2	0	//	9	5	//	5	9
2	clickedStim	16	10	5
2	rts	446	345	421
2	0	2	0	//	4	10	//	10	4
2	clickedStim	15	13	5
2	rts	506	417	532
2	0	2	0	//	7	9	//	9	7
2	clickedStim	10	14	16	6
2	rts	483	474	474	465
2	2	3	0	//	9	7	3	//	3	7	9
2	clickedStim	13	16	17	6
2	rts	597	197	451	329
2	2	3	0	//	10	9	6	//	6	9	10
2	clickedStim	13	17	14	9	7
2	rts	473	530	358	468	401
2	3	4	1	//	6	1	9	5	//	5	9	6	1
2	clickedStim	14	13	12	17	7
2	rts	659	392	286	1158	418
2	3	4	0	//	9	4	5	6	//	6	5	4	9
2	clickedStim	10	9	14	11	7
2	rts	1126	278	760	168	566
2	3	4	0	//	3	6	1	2	//	2	1	6	3
2	clickedStim	14	11	18	16	15	8
2	rts	508	238	544	565	411	433
2	4	5	1	//	9	7	6	2	5	//	5	2	9	7	6
2	clickedStim	12	17	15	13	10	8
2	rts	401	709	430	479	147	474
2	4	5	1	//	1	5	4	8	3	//	3	8	6	4	1