1	clickedStim	8	15	5
1	rts	1071	314	371
1	0	2	0	//	9	2	//	2	9
2	clickedStim	9	7	5
2	rts	1082	362	476
2	0	2	0	//	1	3	//	3	1
2	clickedStim	8	14	5
2	rts	2184	454	666
2	0	2	0	//	8	2	//	2	8
2	clickedStim	13	11	14	6
2	rts	2176	338	112	440
2	2	3	0	//	7	4	6	//	6	4	7
2	clickedStim	13	10	14	6
2	rts	537	169	255	442
2	2	3	0	//	7	3	6	//	6	3	7
2	clickedStim	15	14	12	8	11	12	7
2	rts	939	531	490	1512	714	294	466
2	3	4	0	//	4	3	6	7	//	7	6	3	4
2	clickedStim	13	18	14	9	7
2	rts	444	496	1047	318	390
2	3	4	0	//	1	6	10	5	//	5	10	6	1
2	clickedStim	15	12	19	16	18	8
2	rts	479	303	1212	1219	224	398
2	4	5	0	//	9	7	10	3	6	//	6	3	10	7	9
2	clickedStim	18	17	19	10	12	8
2	rts	424	366	371	1548	359	424
2	4	5	0	//	3	1	10	8	9	//	9	8	10	1	3
2	clickedStim	19	12	17	15	10	11	13	15	9
2	rts	492	475	360	264	913	662	388	193	635
2	5	6	1	//	5	1	8	7	2	9	//	9	2	7	1	3	5
2	clickedStim	17	18	15	14	20	11	9
2	rts	758	226	516	447	672	1034	615
2	5	6	1	//	10	1	5	4	8	7	//	7	8	5	4	10	1