1	clickedStim	7	12	5
1	rts	658	497	646
1	0	2	0	//	6	1	//	1	6
2	clickedStim	7	14	5
2	rts	780	636	568
2	0	2	0	//	8	1	//	1	8
2	clickedStim	16	9	5
2	rts	392	472	577
2	0	2	0	//	3	10	//	10	3
2	clickedStim	15	11	14	6
2	rts	489	422	188	431
2	2	3	0	//	7	4	8	//	8	4	7
2	clickedStim	16	10	9	6
2	rts	546	602	421	768
2	2	3	0	//	2	3	9	//	9	3	2
2	clickedStim	13	16	14	10	7
2	rts	639	274	312	403	507
2	3	4	0	//	2	6	8	5	//	5	8	6	2
2	clickedStim	17	13	10	9	7
2	rts	698	1374	209	362	545
2	3	4	1	//	5	1	2	9	//	9	5	2	1
2	clickedStim	14	15	9	17	7
2	rts	2575	1067	473	457	429
2	3	4	0	//	9	1	7	6	//	6	7	1	9
2	clickedStim	15	12	14	19	17	8
2	rts	468	267	811	416	183	535
2	4	5	1	//	10	5	8	3	6	//	6	3	5	10	8
2	clickedStim	18	16	15	10	14	8
2	rts	343	746	504	484	311	563
2	4	5	1	//	1	5	8	7	9	//	9	7	6	1	5