1	clickedStim	15	7	5
1	rts	773	505	508
1	0	2	0	//	1	9	//	9	1
2	clickedStim	10	15	5
2	rts	379	493	456
2	0	2	0	//	9	4	//	4	9
2	clickedStim	15	10	5
2	rts	516	579	531
2	0	2	0	//	4	9	//	9	4
2	clickedStim	11	12	16	6
2	rts	596	209	239	460
2	2	3	1	//	2	5	4	//	4	5	9
2	clickedStim	15	14	12	6
2	rts	853	660	252	666
2	2	3	0	//	5	7	8	//	8	7	5
2	clickedStim	14	11	8	6
2	rts	420	239	198	562
2	2	3	0	//	1	4	7	//	7	4	1
2	clickedStim	16	10	14	13	7
2	rts	525	411	285	235	414
2	3	4	0	//	5	6	2	8	//	8	2	6	5
2	clickedStim	9	12	13	14	7
2	rts	815	197	306	233	458
2	3	4	1	//	5	3	4	1	//	1	4	5	6
2	clickedStim	12	15	13	9	7
2	rts	770	320	452	229	523
2	3	4	1	//	5	2	7	4	//	4	7	5	1
