1	clickedStim	7	16	5
1	rts	574	448	673
1	0	2	0	//	10	1	//	1	10
2	clickedStim	10	11	5
2	rts	868	355	642
2	0	2	0	//	5	4	//	4	5
2	clickedStim	8	9	5
2	rts	584	282	539
2	0	2	0	//	3	2	//	2	3
2	clickedStim	9	12	17	6
2	rts	501	206	555	364
2	2	3	0	//	10	5	2	//	2	5	10
2	clickedStim	15	8	17	6
2	rts	836	371	402	418
2	2	3	0	//	10	1	8	//	8	1	10
2	clickedStim	11	10	9	18	7
2	rts	411	274	294	375	325
2	3	4	0	//	10	1	2	3	//	3	2	1	10
2	clickedStim	17	18	14	9	7
2	rts	1445	271	418	1159	848
2	3	4	1	//	10	1	6	9	//	9	10	6	1
2	clickedStim	14	17	18	12	7
2	rts	672	172	324	294	452
2	3	4	1	//	4	5	9	6	//	6	9	10	4