1	clickedStim	7	14	5
1	rts	736	344	447
1	0	2	0	//	8	1	//	1	8
2	clickedStim	10	16	5
2	rts	891	521	330
2	0	2	0	//	10	4	//	4	10
2	clickedStim	13	16	5
2	rts	625	258	352
2	0	2	0	//	10	7	//	7	10
2	clickedStim	12	15	9	6
2	rts	283	213	219	564
2	2	3	0	//	2	8	5	//	5	8	2
2	clickedStim	15	17	9	6
2	rts	542	175	248	433
2	2	3	0	//	2	10	8	//	8	10	2
2	clickedStim	13	15	10	18	7
2	rts	359	287	831	291	354
2	3	4	0	//	10	2	7	5	//	5	7	2	10
2	clickedStim	11	18	8	12	10	18	7
2	rts	1105	521	887	654	857	666	302
2	3	4	0	//	10	2	4	3	//	3	4	2	10
2	clickedStim	12	17	18	13	14	8
2	rts	505	1007	365	839	205	482
2	4	5	0	//	5	4	9	8	3	//	3	8	9	4	5
2	clickedStim	10	19	17	12	11	8
2	rts	1257	344	216	382	328	549
2	4	5	1	//	2	3	8	6	1	//	1	10	8	3	2
2	clickedStim	11	15	17	18	16	8
2	rts	1055	392	2883	2283	409	515
2	4	5	0	//	7	9	8	6	2	//	2	6	8	9	7
2	clickedStim	17	12	15	13	19	11	9
2	rts	530	416	244	378	514	864	643
2	5	6	1	//	9	3	1	5	2	7	//	7	2	5	3	9	1
2	clickedStim	20	13	14	18	15	11	9
2	rts	567	575	452	947	166	1087	505
2	5	6	1	//	5	8	2	4	3	10	//	10	3	4	8	5	1
