1	clickedStim	11	9	5
1	rts	721	607	528
1	0	2	0	//	3	5	//	5	3
2	clickedStim	8	11	5
2	rts	854	195	429
2	0	2	0	//	5	2	//	2	5
2	clickedStim	15	7	5
2	rts	735	435	569
2	0	2	0	//	1	9	//	9	1
2	clickedStim	9	11	13	6
2	rts	371	325	758	495
2	2	3	0	//	6	4	2	//	2	4	6
2	clickedStim	11	17	16	6
2	rts	921	278	585	430
2	2	3	0	//	9	10	4	//	4	10	9
2	clickedStim	13	14	10	9	7
2	rts	314	873	442	745	473
2	3	4	1	//	2	1	6	5	//	5	6	2	1
2	clickedStim	9	10	14	13	7
2	rts	418	446	742	272	669
2	3	4	0	//	5	6	2	1	//	1	2	6	5
2	clickedStim	13	10	12	18	7
2	rts	816	231	1116	285	313
2	3	4	0	//	10	4	2	5	//	5	2	4	10
2	clickedStim	12	13	14	10	19	8
2	rts	318	353	174	243	408	319
2	4	5	0	//	10	1	5	4	3	//	3	4	5	1	10
2	clickedStim	19	14	18	13	12	8
2	rts	390	339	232	1205	419	424
2	4	5	1	//	4	6	9	5	10	//	10	5	9	4	3
2	clickedStim	19	11	16	14	12	8
2	rts	1207	327	396	240	506	408
2	4	5	1	//	1	3	7	2	10	//	10	2	7	5	3