1	clickedStim	5
1	rts	780
1	0	2	1	//	3	5	//
2	clickedStim	16	12	5
2	rts	1293	391	455
2	0	2	0	//	6	10	//	10	6
2	clickedStim	10	15	5
2	rts	568	339	409
2	0	2	0	//	9	4	//	4	9
2	clickedStim	17	14	13	6
2	rts	485	268	267	504
2	2	3	0	//	6	7	10	//	10	7	6
2	clickedStim	11	12	8	6
2	rts	510	510	246	395
2	2	3	1	//	5	1	4	//	4	5	1
2	clickedStim	8	16	12	6
2	rts	529	430	295	459
2	2	3	0	//	5	9	1	//	1	9	5
2	clickedStim	11	10	18	12	7
2	rts	772	316	367	267	393
2	3	4	0	//	4	10	2	3	//	3	2	10	4
2	clickedStim	17	11	13	16	7
2	rts	2341	461	849	662	401
2	3	4	0	//	8	5	3	9	//	9	3	5	8
2	clickedStim	12	16	14	13	10	8
2	rts	362	580	340	440	185	636
2	4	5	0	//	1	4	5	7	3	//	3	7	5	4	1
2	clickedStim	17	11	18	14	13	8
2	rts	862	418	609	315	189	428
2	4	5	0	//	4	5	9	2	8	//	8	2	9	5	4
2	clickedStim	16	13	17	20	15	14	9
2	rts	487	219	754	407	1001	544	575
2	5	6	1	//	10	5	4	7	3	6	//	6	3	7	10	5	4
2	clickedStim	15	18	12	14	16	20	9
2	rts	489	270	366	2253	3245	1314	287
2	5	6	1	//	10	4	9	2	8	5	//	5	8	2	4	6	10