1	clickedStim	8	13	5
1	rts	1272	393	585
1	0	2	0	//	7	2	//	2	7
2	clickedStim	12	11	5
2	rts	503	400	489
2	0	2	0	//	5	6	//	6	5
2	clickedStim	7	12	5
2	rts	622	438	430
2	0	2	0	//	6	1	//	1	6
2	clickedStim	16	11	14	6
2	rts	526	373	128	561
2	2	3	0	//	7	4	9	//	9	4	7
2	clickedStim	11	16	8	6
2	rts	511	366	470	583
2	2	3	0	//	1	9	4	//	4	9	1
2	clickedStim	16	10	15	17	7
2	rts	670	450	397	354	455
2	3	4	0	//	9	7	2	8	//	8	2	7	9
2	clickedStim	14	15	17	16	7
2	rts	1410	467	703	252	367
2	3	4	0	//	8	9	7	6	//	6	7	9	8
2	clickedStim	18	13	17	15	11	8
2	rts	1500	413	737	251	282	560
2	4	5	1	//	8	2	6	4	9	//	9	4	8	6	2
2	clickedStim	16	18	15	11	13	8
2	rts	692	472	1499	282	298	580
2	4	5	1	//	4	3	6	9	7	//	7	9	6	2	4
