1	clickedStim	11	14	5
1	rts	1925	128	551
1	0	2	1	//	5	8	//	5	8
2	clickedStim	11	7	5
2	rts	1066	541	1235
2	0	2	0	//	1	5	//	5	1
2	clickedStim	16	12	5
2	rts	1098	314	362
2	0	2	0	//	6	10	//	10	6
2	clickedStim	9	11	12	6
2	rts	2238	725	545	543
2	2	3	0	//	5	4	2	//	2	4	5
2	clickedStim	12	10	17	6
2	rts	1645	462	445	356
2	2	3	0	//	10	3	5	//	5	3	10
2	clickedStim	12	9	10	17	7
2	rts	1023	244	257	1603	523
2	3	4	0	//	9	2	1	4	//	4	1	2	9
2	clickedStim	17	11	14	12	8	8	12	14	7
2	rts	1025	487	246	308	1211	125	512	353	420
2	3	4	0	//	6	4	3	9	//	9	3	4	6
2	clickedStim	19	16	12	10	11	8
2	rts	506	785	1379	383	203	748
2	4	5	0	//	2	1	3	7	10	//	10	7	3	1	2
2	clickedStim	11	19	17	16	18	8
2	rts	629	528	1320	298	254	358
2	4	5	0	//	9	7	8	10	2	//	2	10	8	7	9
2	clickedStim	16	11	17	19	18	12	9
2	rts	584	3589	590	3193	325	550	629
2	5	6	0	//	2	8	9	7	1	6	//	6	1	7	9	8	2
2	clickedStim	12	14	16	19	18	17	9
2	rts	1015	361	448	430	235	237	404
2	5	6	0	//	7	8	9	6	4	2	//	2	4	6	9	8	7
2	clickedStim	15	18	16	17	12	13	14	10
2	rts	1052	404	493	1320	1951	312	627	557
2	6	7	1	//	3	2	1	5	9	7	4	//	4	7	5	6	1	2	3
2	clickedStim	13	14	20	17	15	16	21	10
2	rts	463	260	597	575	2323	433	633	321
2	6	7	1	//	5	4	10	6	9	3	2	//	2	3	9	6	4	5	10