1	clickedStim	9	16	5
1	rts	865	471	839
1	0	2	0	//	10	3	//	3	10
2	clickedStim	11	7	5
2	rts	528	472	515
2	0	2	0	//	1	5	//	5	1
2	clickedStim	9	11	5
2	rts	643	326	541
2	0	2	0	//	5	3	//	3	5
2	clickedStim	16	11	10	6
2	rts	741	451	418	505
2	2	3	0	//	3	4	9	//	9	4	3
2	clickedStim	16	15	12	6
2	rts	877	623	216	650
2	2	3	0	//	5	8	9	//	9	8	5
2	clickedStim	17	16	12	9	7
2	rts	710	452	318	242	877
2	3	4	0	//	1	4	8	9	//	9	8	4	1
2	clickedStim	11	13	16	14	7
2	rts	859	582	467	529	457
2	3	4	0	//	6	8	5	3	//	3	5	8	6
2	clickedStim	13	15	16	17	10	8
2	rts	701	452	3462	609	364	494
2	4	5	1	//	8	1	7	6	4	//	4	6	7	8	1
2	clickedStim	13	10	15	19	11	8
2	rts	602	332	758	509	836	504
2	4	5	1	//	10	8	3	1	4	//	4	1	6	10	2
