1	clickedStim	8	7	5
1	rts	1016	626	939
1	0	2	0	//	1	2	//	2	1
2	clickedStim	14	9	5
2	rts	1046	734	909
2	0	2	0	//	3	8	//	8	3
2	clickedStim	8	11	5
2	rts	1217	610	995
2	0	2	0	//	5	2	//	2	5
2	clickedStim	14	8	11	6
2	rts	675	701	534	1019
2	2	3	0	//	4	1	7	//	7	1	4
2	clickedStim	11	13	10	6
2	rts	866	888	654	979
2	2	3	0	//	3	6	4	//	4	6	3
2	clickedStim	10	16	17	11	7
2	rts	654	1593	1869	979	809
2	3	4	0	//	3	9	8	2	//	2	8	9	3
2	clickedStim	9	17	12	10	7
2	rts	780	890	766	1181	809
2	3	4	0	//	2	4	9	1	//	1	9	4	2
2	clickedStim	18	12	15	9	9	9	18	12	19	15	11	8
2	rts	980	957	1074	3892	268	626	2681	798	887	679	619	935
2	4	5	0	//	2	6	10	3	9	//	9	3	10	6	2
2	clickedStim	10	14	12	16	18	8
2	rts	1444	2046	3959	920	1312	854
2	4	5	0	//	9	7	3	5	1	//	1	5	3	7	9
2	clickedStim	16	13	17	18	19	10	11	19	9
2	rts	736	592	793	541	602	2202	986	861	958
2	5	6	1	//	2	9	8	7	3	6	//	6	3	7	8	1	9
2	clickedStim	11	14	13	17	16	19	9
2	rts	897	991	878	787	808	544	826
2	5	6	1	//	7	6	9	3	4	1	//	1	4	3	7	6	9