1	clickedStim	14	12	5
1	rts	960	648	824
1	0	2	0	//	6	8	//	8	6
2	clickedStim	9	11	5
2	rts	1755	708	1067
2	0	2	0	//	5	3	//	3	5
2	clickedStim	15	13	5
2	rts	638	586	997
2	0	2	0	//	7	9	//	9	7
2	clickedStim	10	12	13	6
2	rts	747	678	574	779
2	2	3	0	//	6	5	3	//	3	5	6
2	clickedStim	14	12	17	6
2	rts	758	572	945	930
2	2	3	0	//	10	5	7	//	7	5	10
2	clickedStim	17	15	13	11	7
2	rts	587	1491	604	604	726
2	3	4	0	//	3	5	7	9	//	9	7	5	3
2	clickedStim	14	18	16	12	7
2	rts	923	938	618	1282	753
2	3	4	0	//	4	8	10	6	//	6	10	8	4
2	clickedStim	18	14	13	19	15	8
2	rts	770	780	552	811	623	695
2	4	5	1	//	10	3	4	5	9	//	9	5	4	10	6
2	clickedStim	17	15	12	11	19	8
2	rts	697	675	667	599	1014	672
2	4	5	0	//	10	2	3	6	8	//	8	6	3	2	10
2	clickedStim	15	14	13	11	12	8
2	rts	848	630	585	725	545	838
2	4	5	0	//	3	2	4	5	6	//	6	5	4	2	3
2	clickedStim	19	20	14	17	16	9
2	rts	746	599	632	767	609	982
2	5	6	1	//	6	7	10	2	4	9	//	9	10	4	7	6
2	clickedStim	15	16	18	14	13	12	9
2	rts	645	553	632	856	1975	472	807
2	5	6	1	//	2	3	7	8	6	5	//	5	6	8	4	3	2