1	clickedStim	9	8	5
1	rts	1143	579	1710
1	0	2	0	//	2	3	//	3	2
2	clickedStim	14	15	5
2	rts	798	604	753
2	0	2	0	//	9	8	//	8	9
2	clickedStim	14	11	5
2	rts	1242	592	780
2	0	2	0	//	5	8	//	8	5
2	clickedStim	10	12	11	6
2	rts	3233	1012	579	948
2	2	3	0	//	4	5	3	//	3	5	4
2	clickedStim	17	14	8	6
2	rts	694	581	637	881
2	2	3	1	//	1	10	7	//	10	7	1
2	clickedStim	11	8	16	6
2	rts	2015	549	797	774
2	2	3	0	//	9	1	4	//	4	1	9
2	clickedStim	13	17	18	12	7
2	rts	2948	754	625	698	890
2	3	4	0	//	4	10	9	5	//	5	9	10	4
2	clickedStim	10	11	15	16	7
2	rts	1627	694	1359	909	1045
2	3	4	0	//	8	7	3	2	//	2	3	7	8
2	clickedStim	17	15	12	11	19	8
2	rts	1115	1003	5879	641	755	684
2	4	5	0	//	10	2	3	6	8	//	8	6	3	2	10
2	clickedStim	18	17	10	13	11	8
2	rts	965	2257	952	570	812	1127
2	4	5	0	//	2	4	1	8	9	//	9	8	1	4	2
2	clickedStim	20	18	15	16	12	14	9
2	rts	914	936	2241	951	597	551	1905
2	5	6	1	//	3	6	7	5	8	10	//	10	8	5	6	2	4
2	clickedStim	20	18	19	11	12	16	9
2	rts	726	702	793	3663	620	734	772
2	5	6	0	//	6	2	1	9	8	10	//	10	8	9	1	2	6
2	clickedStim	12	13	15	16	14	20	9
2	rts	888	1352	725	2247	717	1071	905
2	5	6	0	//	10	4	6	5	3	2	//	2	3	5	6	4	10
2	clickedStim	16	18	13	12	19	17	20	10
2	rts	997	1435	906	596	1310	596	566	941
2	6	7	1	//	6	8	9	1	2	7	5	//	5	7	2	1	8	6	9
2	clickedStim	21	15	14	17	12	20	19	10
2	rts	964	2525	900	674	1976	853	2100	940
2	6	7	1	//	8	7	1	6	3	4	10	//	10	4	3	6	1	9	8