1	clickedStim	14	7	5
1	rts	2600	951	951
1	0	2	0	//	1	8	//	8	1
2	clickedStim	15	12	5
2	rts	1036	632	943
2	0	2	0	//	6	9	//	9	6
2	clickedStim	10	15	5
2	rts	1216	753	734
2	0	2	0	//	9	4	//	4	9
2	clickedStim	13	9	8	6
2	rts	599	607	475	881
2	2	3	0	//	1	2	6	//	6	2	1
2	clickedStim	9	15	14	6
2	rts	944	2273	592	910
2	2	3	0	//	7	8	2	//	2	8	7
2	clickedStim	18	10	11	16	7
2	rts	801	862	653	696	942
2	3	4	0	//	8	3	2	10	//	10	2	3	8
2	clickedStim	18	17	16	9	7
2	rts	676	699	570	651	835
2	3	4	0	//	1	8	9	10	//	10	9	8	1
2	clickedStim	19	16	10	14	17	8
2	rts	1070	2067	3994	698	622	847
2	4	5	1	//	5	1	9	7	10	//	10	7	1	5	8
2	clickedStim	17	19	18	11	14	8
2	rts	786	640	679	1288	604	908
2	4	5	1	//	5	9	2	10	8	//	8	10	9	2	5