1    clickedStim    9    8    5
1    rts    1365    139    752
1    0    2    0    //    2    3    //    3    2
2    clickedStim    13    8    5
2    rts    1035    283    1567
2    0    2    0    //    2    7    //    7    2
2    clickedStim    13    16    5
2    rts    811    135    299
2    0    2    0    //    10    7    //    7    10
2    clickedStim    9    13    12    6
2    rts    852    408    134    250
2    2    3    0    //    5    6    2    //    2    6    5
2    clickedStim    8    10    11    6
2    rts    784    328    213    298
2    2    3    0    //    4    3    1    //    1    3    4
2    clickedStim    17    16    14    8    11    14    7
2    rts    1751    190    1515    847    564    143    389
2    3    4    0    //    6    3    8    9    //    9    8    3    6
2    clickedStim    14    12    8    9    12    13    7
2    rts    2283    587    6173    1643    408    349    648
2    3    4    0    //    5    4    1    6    //    6    1    4    5
2    clickedStim    18    17    16    12    15    8
2    rts    2866    218    192    342    707    325
2    4    5    0    //    6    3    7    8    9    //    9    8    7    3    6
2    clickedStim    19    14    17    13    12    8
2    rts    2679    286    160    286    769    346
2    4    5    1    //    4    3    5    8    10    //    10    5    8    4    3
2    clickedStim    15    14    17    18    12    11    8
2    rts    4216    212    141    570    236    178    558
2    4    5    1    //    2    9    5    7    6    //    6    5    8    9    3    2