1	clickedStim	8	14	5
1	rts	712	1095	142
1	0	2	0	//	8	2	//	2	8
2	clickedStim	11	13	5
2	rts	661	144	561
2	0	2	0	//	7	5	//	5	7
2	clickedStim	7	12	5
2	rts	975	309	514
2	0	2	0	//	6	1	//	1	6
2	clickedStim	16	8	14	6
2	rts	1972	398	796	355
2	2	3	0	//	7	1	9	//	9	1	7
2	clickedStim	10	8	14	6
2	rts	1480	297	237	341
2	2	3	0	//	7	1	3	//	3	1	7
2	clickedStim	9	14	17	10	7
2	rts	2573	402	149	248	367
2	3	4	0	//	2	9	6	1	//	1	6	9	2
2	clickedStim	9	13	11	15	7
2	rts	1837	273	349	324	514
2	3	4	0	//	7	3	5	1	//	1	5	3	7
2	clickedStim	10	11	12	13	15	8
2	rts	2455	451	185	318	689	349
2	4	5	0	//	6	4	3	2	1	//	1	2	3	4	6
2	clickedStim	18	15	12	14	17	8
2	rts	2743	188	139	444	130	921
2	4	5	0	//	8	5	3	6	9	//	9	6	3	5	8
2	clickedStim	11	17	12	15	16	18	9
2	rts	2920	252	427	543	203	449	747
2	5	6	1	//	6	5	8	7	2	1	//	1	7	2	5	6	8
2	clickedStim	19	11	18	12	13	15	9
2	rts	3090	365	3078	3139	215	219	483
2	5	6	0	//	5	3	2	8	1	9	//	9	1	8	2	3	5
2	clickedStim	19	15	13	18	20	16	9
2	rts	2825	234	237	2280	189	273	338
2	5	6	0	//	6	10	8	3	5	9	//	9	5	3	8	10	6
2	clickedStim	19	18	12	17	15	20	13	10
2	rts	6361	189	251	6622	284	630	357	898
2	6	7	1	//	2	9	4	7	1	6	8	//	8	7	1	6	4	9	2
2	clickedStim	21	19	14	16	12	15	18	10
2	rts	906	6435	785	309	4850	213	162	395
2	6	7	0	//	7	4	1	5	3	8	10	//	10	8	3	5	1	4	7
2	clickedStim	20	12	19	16	21	15	18	10
2	rts	2973	2107	267	135	1063	1296	138	593
2	6	7	0	//	7	4	10	5	8	1	9	//	9	1	8	5	10	4	7
2	clickedStim	21	16	22	20	12	12	12	12	20	22	16	17	18	21	12	12	12	12	12	12	21	16	20	22	17	14	13	11
2	rts	10651	410	204	255	2874	226	191	447	977	111	724	178	610	94	1142	147	162	179	155	184	1145	244	391	190	272	169	2033	340
2	7	8	1	//	3	6	2	9	4	7	8	5	//	9	4	8	10	5	2	1
2	clickedStim	22	19	16	18	17	13	20	11
2	rts	2619	1036	204	582	145	303	739	250
2	7	8	1	//	6	4	1	7	2	10	9	8	//	10	7	4	6	5	1	8