1	clickedStim	15	8	5
1	rts	405	449	595
1	0	2	0	//	2	9	//	9	2
2	clickedStim	12	9	5
2	rts	969	191	523
2	0	2	0	//	3	6	//	6	3
2	clickedStim	15	10	5
2	rts	1251	665	525
2	0	2	0	//	4	9	//	9	4
2	clickedStim	14	10	17	6
2	rts	770	530	359	453
2	2	3	0	//	10	3	7	//	7	3	10
2	clickedStim	14	10	8	6
2	rts	670	449	540	578
2	2	3	0	//	1	3	7	//	7	3	1
2	clickedStim	11	12	13	16	7
2	rts	382	785	2125	214	447
2	3	4	0	//	8	5	4	3	//	3	4	5	8
2	clickedStim	17	16	13	12	10	7
2	rts	2577	321	199	608	519	519
2	3	4	1	//	3	9	8	5	//	9	8	5	4	2
2	clickedStim	11	12	15	9	8	8	8	8	12	15	11	9	7
2	rts	1021	1537	1254	423	1041	177	151	577	2783	1986	323	379	440
2	3	4	1	//	1	7	4	3	//	4	7	3	1