1	clickedStim	15	10	5
1	rts	2474	1081	4782
1	0	2	0	//	4	9	//	9	4
2	clickedStim	15	7	5
2	rts	1490	531	664
2	0	2	0	//	1	9	//	9	1
2	clickedStim	8	16	5
2	rts	1387	1098	798
2	0	2	0	//	10	2	//	2	10
2	clickedStim	9	10	15	6
2	rts	2184	416	498	747
2	2	3	0	//	8	3	2	//	2	3	8
2	clickedStim	16	13	17	6
2	rts	1121	283	747	513
2	2	3	0	//	10	6	9	//	9	6	10
2	clickedStim	10	18	9	15	7
2	rts	4522	763	700	616	698
2	3	4	0	//	7	1	10	2	//	2	10	1	7
2	clickedStim	16	10	14	18	7
2	rts	4969	414	548	448	498
2	3	4	0	//	10	6	2	8	//	8	2	6	10
2	clickedStim	11	13	14	10	17	8
2	rts	9420	1031	1883	1279	700	848
2	4	5	1	//	8	1	4	5	2	//	2	4	5	1	8
2	clickedStim	10	16	12	19	11	8
2	rts	5416	630	833	1164	481	632
2	4	5	0	//	2	10	3	7	1	//	1	7	3	10	2
2	clickedStim	16	15	13	18	17	8
2	rts	7784	815	482	548	349	532
2	4	5	0	//	8	9	4	6	7	//	7	6	4	9	8
2	clickedStim	11	12	14	15	17	20	9
2	rts	7715	497	530	381	598	581	548
2	5	6	1	//	10	7	4	5	2	1	//	1	2	4	5	7	10
2	clickedStim	12	11	20	17	19	13	9
2	rts	5151	614	3832	831	482	481	782
2	5	6	0	//	3	9	7	10	1	2	//	2	1	10	7	9	3
2	clickedStim	11	18	13	15	16	17	9
2	rts	4431	848	1730	1916	332	463	466
2	5	6	0	//	7	6	5	3	8	1	//	1	8	3	5	6	7
2	clickedStim	20	15	13	12	21	18	16	10
2	rts	4881	515	480	282	1498	1581	565	799
2	6	7	0	//	5	7	10	1	2	4	9	//	9	4	2	1	10	7	5
2	clickedStim	12	16	21	14	17	18	15	10
2	rts	8347	4498	1531	2164	683	566	1417	748
2	6	7	1	//	4	7	3	6	1	10	5	//	1	5	10	3	6	7	4
2	clickedStim	13	12	17	15	18	14	10
2	rts	6195	331	499	398	1265	731	582
2	6	7	1	//	3	4	7	1	8	6	2	//	2	1	6	4	7	3
