1	clickedStim	12	16	5
1	rts	890	501	897
1	0	2	0	//	10	6	//	6	10
2	clickedStim	10	15	5
2	rts	1239	662	533
2	0	2	0	//	9	4	//	4	9
2	clickedStim	10	12	5
2	rts	1138	465	482
2	0	2	0	//	6	4	//	4	6
2	clickedStim	12	11	14	6
2	rts	2668	447	297	717
2	2	3	0	//	7	4	5	//	5	4	7
2	clickedStim	13	10	17	6
2	rts	2752	166	581	598
2	2	3	0	//	10	3	6	//	6	3	10
2	clickedStim	11	14	12	17	7
2	rts	2488	198	499	331	480
2	3	4	0	//	9	4	6	3	//	3	6	4	9
2	clickedStim	16	11	9	15	7
2	rts	886	466	514	348	749
2	3	4	0	//	7	1	3	8	//	8	3	1	7
2	clickedStim	19	14	15	11	16	8
2	rts	865	631	548	464	415	548
2	4	5	0	//	7	2	6	5	10	//	10	5	6	2	7
2	clickedStim	14	13	17	16	10	8
2	rts	868	563	266	265	247	631
2	4	5	0	//	1	7	8	4	5	//	5	4	8	7	1
2	clickedStim	18	16	15	12	14	9
2	rts	2582	380	232	931	965	549
2	5	6	1	//	2	8	3	4	1	9	//	8	6	5	2	4
2	clickedStim	11	20	17	13	19	16	9
2	rts	1381	848	1263	931	998	232	666
2	5	6	0	//	6	9	3	7	10	1	//	1	10	7	3	9	6
2	clickedStim	19	14	18	17	20	16	9
2	rts	1530	615	1464	247	883	748	848
2	5	6	0	//	6	10	7	8	4	9	//	9	4	8	7	10	6
2	clickedStim	20	12	13	16	19	17	15	10
2	rts	797	4197	350	614	281	498	1364	1198
2	6	7	0	//	4	6	8	5	2	1	9	//	9	1	2	5	8	6	4
2	clickedStim	12	16	20	17	21	19	14	10
2	rts	5447	563	398	1164	380	1217	966	1616
2	6	7	0	//	3	8	10	6	9	5	1	//	1	5	9	6	10	8	3
2	clickedStim	20	17	14	16	19	21	22	11
2	rts	628	182	549	247	148	1298	414	464
2	7	8	1	//	9	7	1	8	5	4	2	3	//	8	5	2	4	7	9	10
2	clickedStim	15	13	19	20	18	17	16	14	11
2	rts	530	397	2861	263	548	181	647	265	715
2	7	8	0	//	2	4	5	6	8	7	1	3	//	3	1	7	8	6	5	4	2
2	clickedStim	22	15	13	18	20	19	17	14	12	12	14	17	11
2	rts	478	780	1614	681	914	230	4479	449	1947	165	667	198	565
2	7	8	1	//	7	8	5	9	6	1	3	10	//	10	3	1	6	8	7	2	5
