1	clickedStim	13	16	5
1	rts	1671	398	765
1	0	2	0	//	10	7	//	7	10
2	clickedStim	10	14	5
2	rts	1205	515	581
2	0	2	0	//	8	4	//	4	8
2	clickedStim	14	13	5
2	rts	1156	313	814
2	0	2	0	//	7	8	//	8	7
2	clickedStim	12	11	13	6
2	rts	1753	666	582	564
2	2	3	0	//	6	4	5	//	5	4	6
2	clickedStim	13	9	12	6
2	rts	1202	681	399	1014
2	2	3	0	//	5	2	6	//	6	2	5
2	clickedStim	16	17	9	18	7
2	rts	1169	499	799	547	663
2	3	4	0	//	10	1	9	8	//	8	9	1	10
2	clickedStim	11	16	14	12	7
2	rts	5803	630	481	731	898
2	3	4	0	//	4	6	8	3	//	3	8	6	4
2	clickedStim	19	12	17	13	10	8
2	rts	2782	565	515	364	264	548
2	4	5	0	//	1	4	8	3	10	//	10	3	8	4	1
2	clickedStim	14	17	12	15	11	8
2	rts	3052	363	516	381	448	665
2	4	5	0	//	2	6	3	8	5	//	5	8	3	6	2
2	clickedStim	20	11	18	16	12	15	9
2	rts	3731	614	531	3147	865	1214	5081
2	5	6	1	//	10	5	6	2	1	8	//	10	1	8	6	2	5
2	clickedStim	17	14	16	12	20	13	9
2	rts	3665	265	380	1934	2432	647	947
2	5	6	0	//	3	10	2	6	4	7	//	7	4	6	2	10	3
2	clickedStim	19	17	11	12	20	18	9
2	rts	3149	515	430	582	550	297	582
2	5	6	0	//	8	10	2	1	7	9	//	9	7	1	2	10	8
2	clickedStim	18	14	16	17	21	15	13	10
2	rts	930	633	481	2881	465	364	431	766
2	6	7	0	//	2	4	10	6	5	3	7	//	7	3	5	6	10	4	2
2	clickedStim	20	18	12	16	17	14	15	10
2	rts	1397	2447	398	414	514	731	466	515
2	6	7	0	//	4	3	6	5	1	7	9	//	9	7	1	5	6	3	4
2	clickedStim	21	20	16	13	18	15	22	17	11
2	rts	3343	280	900	180	1633	364	965	265	748
2	7	8	0	//	5	10	3	6	1	4	8	9	//	9	8	4	1	6	3	10	5
2	clickedStim	22	15	13	17	14	19	20	11
2	rts	5644	484	497	314	10032	3149	1965	3031
2	7	8	1	//	8	3	2	1	5	7	4	10	//	10	3	1	5	2	7	8
2	clickedStim	13	14	20	16	21	18	11
2	rts	813	248	10082	1482	682	548	932
2	7	8	1	//	4	8	6	9	7	10	2	1	//	1	2	8	4	9	6
