1	clickedStim	12	13	5
1	rts	1390	731	549
1	0	2	0	//	7	6	//	6	7
2	clickedStim	11	12	5
2	rts	5308	1364	546
2	0	2	1	//	7	2	//	5	6
2	clickedStim	15	13	5
2	rts	954	564	999
2	0	2	0	//	7	9	//	9	7
2	clickedStim	11	15	5
2	rts	1739	848	547
2	0	2	0	//	9	5	//	5	9
2	clickedStim	13	9	10	6
2	rts	2737	398	514	601
2	2	3	0	//	3	2	6	//	6	2	3
2	clickedStim	15	12	9	6
2	rts	1470	315	499	747
2	2	3	0	//	2	5	8	//	8	5	2
2	clickedStim	10	12	14	11	7
2	rts	2768	480	900	231	531
2	3	4	0	//	3	6	4	2	//	2	4	6	3
2	clickedStim	17	12	11	18	7
2	rts	3585	467	598	632	664
2	3	4	0	//	10	3	4	9	//	9	4	3	10
2	clickedStim	10	15	14	18	17	8
2	rts	2598	448	482	514	432	548
2	4	5	0	//	8	9	5	6	1	//	1	6	5	9	8
2	clickedStim	17	10	15	18	19	8
2	rts	3070	515	415	214	464	546
2	4	5	0	//	10	9	6	1	8	//	8	1	6	9	10
2	clickedStim	16	20	18	15	12	11	9
2	rts	3552	596	364	398	316	313	1214
2	5	6	0	//	1	2	5	8	10	6	//	6	10	8	5	2	1
2	clickedStim	11	16	15	14	12	13	9
2	rts	4515	631	2365	332	1298	315	632
2	5	6	0	//	3	2	4	5	6	1	//	1	6	5	4	2	3
2	clickedStim	20	13	21	16	17	12	18	10
2	rts	6298	398	549	7753	516	1183	498	815
2	6	7	1	//	7	1	6	10	5	2	9	//	9	2	10	5	6	1	7
2	clickedStim	16	11	20	19	18	17	21	15	16	10
2	rts	6133	1279	4103	498	331	6119	1198	1215	331	596
2	6	7	1	//	5	4	9	10	6	8	7	//	9	8	7	6	10	4	5
