1	clickedStim	11	7	5
1	rts	348	305	493
1	0	2	0	//	1	5	//	5	1
2	clickedStim	16	10	5
2	rts	972	429	544
2	0	2	0	//	4	10	//	10	4
2	clickedStim	13	6	16	13	5
2	rts	1454	858	588	215	666
2	0	2	0	//	7	10	//	10	7
2	clickedStim	12	15	9	6
2	rts	394	234	322	639
2	2	3	0	//	2	8	5	//	5	8	2
2	clickedStim	16	11	14	6
2	rts	684	1202	181	419
2	2	3	0	//	7	4	9	//	9	4	7
2	clickedStim	12	11	16	9	7
2	rts	508	421	699	272	593
2	3	4	1	//	8	1	3	4	//	4	3	8	1
2	clickedStim	12	10	9	11	7
2	rts	1076	1363	329	830	503
2	3	4	0	//	3	1	2	4	//	4	2	1	3
2	clickedStim	13	14	15	11	7
2	rts	1353	368	718	809	430
2	3	4	0	//	3	7	6	5	//	5	6	7	3
2	clickedStim	19	14	11	10	16	8
2	rts	408	517	295	253	1150	457
2	4	5	0	//	7	1	2	5	10	//	10	5	2	1	7
2	clickedStim	18	12	16	11	19	8
2	rts	431	332	517	331	317	457
2	4	5	1	//	2	4	7	3	9	//	9	3	7	2	10
2	clickedStim	11	10	12	17	19	8
2	rts	774	425	1159	377	226	361
2	4	5	0	//	10	8	3	1	2	//	2	1	3	8	10
2	clickedStim	13	19	11	16	17	20	9
2	rts	362	372	590	388	329	266	358
2	5	6	1	//	7	4	1	6	9	3	//	3	9	1	6	7	10
2	clickedStim	14	20	12	13	11	16	9
2	rts	390	436	368	308	734	395	502
2	5	6	1	//	5	6	1	2	10	4	//	4	10	2	3	1	6