1	clickedStim	16	7	5
1	rts	708	493	721
1	0	2	0	//	1	10	//	10	1
2	clickedStim	9	14	5
2	rts	693	381	489
2	0	2	0	//	8	3	//	3	8
2	clickedStim	16	10	5
2	rts	701	568	4613
2	0	2	0	//	4	10	//	10	4
2	clickedStim	12	9	14	6
2	rts	421	241	342	6263
2	2	3	0	//	7	2	5	//	5	2	7
2	clickedStim	17	12	9	6
2	rts	748	917	116	547
2	2	3	0	//	2	5	10	//	10	5	2
2	clickedStim	11	17	12	18	7
2	rts	511	335	771	966	359
2	3	4	0	//	10	4	9	3	//	3	9	4	10
2	clickedStim	13	15	10	9	7
2	rts	970	363	451	449	569
2	3	4	1	//	2	1	7	5	//	5	7	2	1
2	clickedStim	9	12	16	13	7
2	rts	857	216	605	94	382
2	3	4	0	//	5	8	4	1	//	1	4	8	5
2	clickedStim	16	17	14	13	9	9	13	14	12	8
2	rts	570	323	2107	292	1067	163	731	305	309	399
2	4	5	1	//	6	4	3	8	7	//	7	8	4	5	3
2	clickedStim	19	13	17	14	15	8
2	rts	629	318	297	2468	247	560
2	4	5	1	//	6	7	2	4	10	//	10	4	8	5	6
