1	clickedStim	15	14	5
1	rts	603	223	440
1	0	2	0	//	8	9	//	9	8
2	clickedStim	9	12	5
2	rts	531	189	561
2	0	2	0	//	6	3	//	3	6
2	clickedStim	14	9	5
2	rts	521	455	547
2	0	2	0	//	3	8	//	8	3
2	clickedStim	16	14	17	6
2	rts	857	362	212	339
2	2	3	0	//	10	7	9	//	9	7	10
2	clickedStim	13	11	9	6
2	rts	989	448	215	489
2	2	3	0	//	2	4	6	//	6	4	2
2	clickedStim	12	15	14	11	7
2	rts	461	371	557	103	485
2	3	4	0	//	3	6	7	4	//	4	7	6	3
2	clickedStim	14	16	15	9	7
2	rts	385	351	279	345	478
2	3	4	0	//	1	7	8	6	//	6	8	7	1
2	clickedStim	13	14	18	17	16	9	9	9	17	18	16	8
2	rts	381	409	1526	175	200	1296	158	1631	522	860	389	449
2	4	5	0	//	7	9	8	5	4	//	4	5	8	9	7
2	clickedStim	17	19	14	11	10	8
2	rts	784	383	639	149	154	466
2	4	5	1	//	1	2	10	7	8	//	8	10	5	2	1
2	clickedStim	15	13	11	10	18	8
2	rts	464	842	739	1545	386	367
2	4	5	1	//	9	2	1	4	6	//	6	4	2	1	9
