1	clickedStim	11	10	5
1	rts	453	205	474
1	0	2	0	//	4	5	//	5	4
2	clickedStim	9	13	5
2	rts	357	461	492
2	0	2	0	//	7	3	//	3	7
2	clickedStim	7	14	5
2	rts	600	312	498
2	0	2	0	//	8	1	//	1	8
2	clickedStim	10	14	11	6
2	rts	442	479	128	482
2	2	3	0	//	4	7	3	//	3	7	4
2	clickedStim	9	12	14	6
2	rts	566	220	252	495
2	2	3	1	//	10	5	2	//	2	5	7
2	clickedStim	12	11	9	6
2	rts	2227	267	202	1047
2	2	3	0	//	2	4	5	//	5	4	2
2	clickedStim	13	18	10	9	7
2	rts	830	373	583	170	444
2	3	4	1	//	2	1	10	5	//	5	10	2	1
2	clickedStim	17	14	10	18	7
2	rts	536	173	649	297	343
2	3	4	1	//	8	10	6	9	//	9	6	2	10
